0.005141388 0.033419024 0.005141388 0.005141388 0.0077120825 0.0077120825 0.025706941 0.005141388 0.028277636 0.005141388 0.012853471 0.005141388 0.005141388 0.005141388 0.005141388 0.005141388 0.0077120825 0.005141388 0.017994858 0.046272494 0.1336761 0.010282776 0.005141388 0.005141388 0.005141388 0.005141388 0.005141388 0.010282776 0.005141388 0.005141388 0.005141388 0.010282776 0.005141388 0.005141388 0.005141388 0.005141388 0.043701798 0.023136247 0.15167095 0.005141388 0.010282776 0.2647815 0.005141388 0.005141388 0.015424165 0.005141388 
0.00027475882 0.023965076 0.00030528757 0.0038771522 6.1057515e-05 0.0018622542 0.01328001 9.158628e-05 0.008639638 6.1057515e-05 0.0025338868 6.1057515e-05 6.1057515e-05 0.00045793137 0.0024423006 0.00018317255 0.0037550372 6.1057515e-05 0.026132617 0.00442667 0.3203993 0.0016180242 0.0036329222 0.00012211503 9.158628e-05 0.0003663451 6.1057515e-05 0.008700696 6.1057515e-05 0.007845891 6.1057515e-05 0.0028086458 0.00054951763 0.00015264378 0.0014043229 6.1057515e-05 0.26456222 0.0004274026 0.027720112 0.00015264378 0.06597265 0.18924777 6.1057515e-05 6.1057515e-05 0.010288191 0.0010379778 
0.00034825003 0.013233501 0.005920251 0.00034825003 0.00034825003 0.00034825003 0.00052237505 0.00034825003 0.013581752 0.00034825003 0.0008706251 0.00034825003 0.00034825003 0.0012188752 0.0008706251 0.00034825003 0.0034825003 0.00034825003 0.0008706251 0.00034825003 0.0008706251 0.00034825003 0.00034825003 0.00034825003 0.00034825003 0.00034825003 0.00034825003 0.021939753 0.00034825003 0.00034825003 0.00034825003 0.0012188752 0.00034825003 0.00052237505 0.00052237505 0.00034825003 0.00052237505 0.0040048757 0.91258925 0.0012188752 0.00069650006 0.006268501 0.00034825003 0.00034825003 0.00034825003 0.00034825003 
0.0007158196 0.0042949175 0.0021474587 0.01717967 0.0007158196 0.0007158196 0.07945598 0.0007158196 0.040085897 0.0007158196 0.014674302 0.0007158196 0.0007158196 0.0032211882 0.0007158196 0.0007158196 0.001789549 0.0007158196 0.005368647 0.0028632784 0.09413028 0.0010737294 0.0014316392 0.0010737294 0.0007158196 0.0007158196 0.0007158196 0.009305655 0.0007158196 0.0010737294 0.0007158196 0.0025053686 0.0007158196 0.0010737294 0.0007158196 0.0007158196 0.060844667 0.0007158196 0.08983536 0.0007158196 0.07695061 0.46921974 0.0007158196 0.0007158196 0.0032211882 0.0014316392 
0.02020202 0.030303031 0.02020202 0.02020202 0.02020202 0.02020202 0.030303031 0.02020202 0.02020202 0.02020202 0.02020202 0.02020202 0.02020202 0.02020202 0.02020202 0.02020202 0.02020202 0.02020202 0.02020202 0.02020202 0.04040404 0.02020202 0.02020202 0.02020202 0.02020202 0.02020202 0.02020202 0.02020202 0.02020202 0.02020202 0.02020202 0.02020202 0.02020202 0.02020202 0.02020202 0.02020202 0.030303031 0.02020202 0.02020202 0.02020202 0.02020202 0.04040404 0.02020202 0.02020202 0.02020202 0.02020202 
0.00023781213 0.011058264 0.00047562426 0.0068965517 0.00023781213 0.016646849 0.0046373364 0.00023781213 0.002259215 0.00023781213 0.009155767 0.00023781213 0.00023781213 0.0005945303 0.0065398337 0.00023781213 0.0058263973 0.00023781213 0.008085612 0.0026159333 0.62889415 0.0005945303 0.009750297 0.0013079667 0.0009512485 0.002021403 0.00023781213 0.002021403 0.00023781213 0.0005945303 0.00023781213 0.0032104638 0.0023781213 0.00023781213 0.0009512485 0.00023781213 0.09334126 0.0003567182 0.013912009 0.00023781213 0.09322236 0.06646849 0.00023781213 0.00023781213 0.0008323424 0.0005945303 
0.00032654393 0.038777094 0.0072656027 0.005755337 8.163598e-05 0.011673946 0.0044899792 0.00024490795 0.059839178 8.163598e-05 0.0037144374 8.163598e-05 0.00044899792 0.005265521 0.010204498 8.163598e-05 0.0093065025 8.163598e-05 0.025592882 0.0013061757 0.25425526 0.012490306 0.043144617 0.0034695293 0.00069390587 0.0037552554 0.00012245397 0.054614473 8.163598e-05 0.0004081799 8.163598e-05 0.044042613 0.005918609 0.00036736194 0.011633128 8.163598e-05 0.00093881384 0.0017143557 0.24103025 0.00065308786 0.071227394 0.06314544 8.163598e-05 8.163598e-05 8.163598e-05 0.0012653577 
0.018181818 0.18181819 0.009090909 0.009090909 0.009090909 0.009090909 0.009090909 0.009090909 0.013636364 0.009090909 0.009090909 0.009090909 0.009090909 0.009090909 0.009090909 0.009090909 0.013636364 0.009090909 0.036363635 0.009090909 0.018181818 0.009090909 0.009090909 0.009090909 0.009090909 0.009090909 0.009090909 0.013636364 0.009090909 0.009090909 0.009090909 0.013636364 0.009090909 0.009090909 0.027272727 0.009090909 0.009090909 0.022727273 0.3181818 0.009090909 0.009090909 0.013636364 0.009090909 0.009090909 0.009090909 0.009090909 
0.00089617487 0.12378142 0.009901639 8.74317e-05 6.557377e-05 0.001136612 0.001989071 0.0004590164 0.08631694 4.371585e-05 0.0010054645 4.371585e-05 4.371585e-05 0.009224044 0.00043715848 6.557377e-05 0.0058579235 6.557377e-05 0.016655738 0.0004590164 0.0064262296 0.0004590164 0.00087431696 0.00013114754 0.00010928962 8.74317e-05 0.00013114754 0.07374863 4.371585e-05 0.0003715847 4.371585e-05 0.00620765 0.00021857924 0.00013114754 0.0015956284 4.371585e-05 0.006557377 0.0069945357 0.623541 0.00078688527 0.0008087432 0.010710383 4.371585e-05 4.371585e-05 0.0001748634 0.0011803278 
0.017094018 0.017094018 0.017094018 0.017094018 0.017094018 0.017094018 0.017094018 0.017094018 0.017094018 0.025641026 0.017094018 0.017094018 0.017094018 0.017094018 0.017094018 0.017094018 0.017094018 0.017094018 0.017094018 0.017094018 0.017094018 0.017094018 0.017094018 0.017094018 0.017094018 0.017094018 0.017094018 0.017094018 0.017094018 0.017094018 0.017094018 0.017094018 0.017094018 0.017094018 0.017094018 0.017094018 0.025641026 0.017094018 0.025641026 0.017094018 0.017094018 0.20512821 0.017094018 0.017094018 0.017094018 0.017094018 
0.0003031773 0.011096289 0.008307058 0.0009095319 0.00012127092 0.0027285956 0.0077007036 0.00018190638 0.070155226 0.00012127092 0.0043051178 0.00012127092 0.00012127092 0.0047295657 0.00200097 0.00018190638 0.0047295657 0.00012127092 0.03886733 0.0016977929 0.07161048 0.0015158865 0.006973078 0.0006063546 0.00018190638 0.00048508367 0.00018190638 0.023951007 0.00012127092 0.002243512 0.00012127092 0.012005821 0.0012733446 0.00012127092 0.0010308028 0.00012127092 0.11156925 0.0024254185 0.24393645 0.00084889645 0.009944215 0.34738055 0.00012127092 0.00012127092 0.0012127092 0.0013946156 
0.02173913 0.02173913 0.02173913 0.02173913 0.02173913 0.02173913 0.02173913 0.02173913 0.02173913 0.02173913 0.02173913 0.02173913 0.02173913 0.02173913 0.02173913 0.02173913 0.02173913 0.02173913 0.02173913 0.02173913 0.02173913 0.02173913 0.02173913 0.02173913 0.02173913 0.02173913 0.02173913 0.02173913 0.02173913 0.02173913 0.02173913 0.02173913 0.02173913 0.02173913 0.02173913 0.02173913 0.02173913 0.02173913 0.02173913 0.02173913 0.02173913 0.02173913 0.02173913 0.02173913 0.02173913 0.02173913 
0.014705882 0.029411765 0.014705882 0.014705882 0.014705882 0.029411765 0.014705882 0.014705882 0.014705882 0.014705882 0.014705882 0.014705882 0.014705882 0.014705882 0.05147059 0.014705882 0.014705882 0.014705882 0.022058824 0.014705882 0.1985294 0.014705882 0.022058824 0.022058824 0.014705882 0.022058824 0.014705882 0.014705882 0.014705882 0.014705882 0.014705882 0.014705882 0.014705882 0.014705882 0.014705882 0.014705882 0.014705882 0.014705882 0.022058824 0.014705882 0.05147059 0.014705882 0.014705882 0.014705882 0.014705882 0.014705882 
0.0006143764 0.0022527135 0.001638337 0.00040958426 0.00040958426 0.0008191685 0.00860127 0.0010239606 0.014130658 0.00040958426 0.009420439 0.00040958426 0.00040958426 0.0038910506 0.0008191685 0.0008191685 0.0020479213 0.0006143764 0.003276674 0.001638337 0.015154618 0.0012287528 0.0020479213 0.00040958426 0.00040958426 0.0006143764 0.00040958426 0.0124923205 0.00040958426 0.0010239606 0.00040958426 0.0020479213 0.0008191685 0.0006143764 0.0010239606 0.00040958426 0.2604956 0.001638337 0.059184927 0.00040958426 0.0018431292 0.5748515 0.00040958426 0.00040958426 0.006553348 0.0010239606 
0.00020136932 0.010873943 0.004128071 0.00070479256 0.00020136932 0.026782118 0.018727345 0.00020136932 0.026983488 0.00020136932 0.023258155 0.00020136932 0.00020136932 0.0011075313 0.12021748 0.0005034233 0.003221909 0.00020136932 0.04500604 0.0017116391 0.30930325 0.0016109545 0.011981474 0.0010068465 0.00030205396 0.0022150625 0.00020136932 0.023862263 0.00020136932 0.00080547726 0.00020136932 0.008054772 0.0045308094 0.0006041079 0.007047926 0.00020136932 0.046415627 0.0005034233 0.12494966 0.0010068465 0.05084575 0.118405156 0.00020136932 0.00020136932 0.00030205396 0.00040273863 
0.0031055901 0.028985508 0.0124223605 0.0020703934 0.0020703934 0.0062111802 0.017598344 0.0020703934 0.14596273 0.0020703934 0.0031055901 0.0020703934 0.0020703934 0.022774328 0.0020703934 0.0020703934 0.0124223605 0.0020703934 0.007246377 0.0031055901 0.038302276 0.0031055901 0.0020703934 0.0020703934 0.0031055901 0.0031055901 0.0020703934 0.0952381 0.0020703934 0.0020703934 0.0020703934 0.015527951 0.010351967 0.0020703934 0.013457557 0.0020703934 0.083850935 0.0031055901 0.30020705 0.0031055901 0.004140787 0.112836435 0.0020703934 0.0020703934 0.004140787 0.004140787 
0.00051670684 0.011367551 0.003961419 0.0017223562 0.00034447125 0.0010334137 0.027040992 0.00034447125 0.030485705 0.00034447125 0.015845677 0.00034447125 0.00034447125 0.0022390631 0.0029280055 0.00034447125 0.004650362 0.00034447125 0.009472959 0.00275577 0.098863244 0.0029280055 0.0029280055 0.00051670684 0.00034447125 0.00051670684 0.00034447125 0.017051326 0.00034447125 0.00051670684 0.00034447125 0.007922838 0.0017223562 0.00034447125 0.0025835342 0.00034447125 0.1712022 0.001377885 0.0952463 0.0010334137 0.029624525 0.44230106 0.00034447125 0.00034447125 0.0041336548 0.00034447125 
0.02020202 0.030303031 0.02020202 0.02020202 0.02020202 0.02020202 0.02020202 0.02020202 0.02020202 0.02020202 0.02020202 0.02020202 0.02020202 0.02020202 0.02020202 0.02020202 0.02020202 0.02020202 0.02020202 0.02020202 0.04040404 0.02020202 0.02020202 0.02020202 0.02020202 0.02020202 0.02020202 0.02020202 0.02020202 0.02020202 0.02020202 0.02020202 0.02020202 0.02020202 0.02020202 0.02020202 0.02020202 0.02020202 0.060606062 0.02020202 0.02020202 0.02020202 0.02020202 0.02020202 0.02020202 0.02020202 
0.00035586284 0.035560865 0.00043211915 0.0012963575 7.625632e-05 0.0035077909 0.0028723215 5.083755e-05 0.00808317 5.083755e-05 0.0058208993 5.083755e-05 7.625632e-05 0.0016013827 0.0020335019 0.0001016751 0.0017030579 5.083755e-05 0.063572355 0.0073714447 0.16944155 0.00066088815 0.0054650363 5.083755e-05 0.0002033502 0.0012709387 7.625632e-05 0.0054904553 5.083755e-05 0.53107446 5.083755e-05 0.0012709387 0.00066088815 0.00035586284 0.0016522204 5.083755e-05 0.0130144125 0.00066088815 0.04913449 7.625632e-05 0.008794896 0.07457868 5.083755e-05 5.083755e-05 0.00033044408 0.0008134008 
0.002941842 0.019461416 0.0027155464 0.00045259108 0.00045259108 0.0022629555 0.014030323 0.0011314778 0.039375424 0.00045259108 0.019008825 0.00045259108 0.00045259108 0.0022629555 0.00407332 0.0011314778 0.0038470242 0.00045259108 0.022176962 0.011767368 0.120162934 0.0038470242 0.03100249 0.012219959 0.00045259108 0.0027155464 0.0006788866 0.03258656 0.00045259108 0.0013577732 0.00045259108 0.0070151617 0.0006788866 0.0011314778 0.018556235 0.00045259108 0.04933243 0.0031681375 0.17605793 0.00090518215 0.008825527 0.37338763 0.00045259108 0.00045259108 0.0031681375 0.0015840688 
0.00016896924 0.017470531 0.005798313 0.0019342531 1.7786237e-05 0.0047355853 0.035954878 0.00018230893 0.052825123 1.3339677e-05 0.033451464 8.893118e-06 1.3339677e-05 0.00357948 0.0050246115 0.0034727626 0.0037751286 8.893118e-06 0.01858217 0.0028902635 0.1824601 0.023566762 0.0039396514 0.0004446559 0.00017786236 0.00068921666 6.669838e-05 0.026892789 8.893118e-06 0.0003245988 1.3339677e-05 0.006443064 0.0017786236 0.00014673645 0.005847225 8.893118e-06 0.090505265 0.0011516588 0.1475235 0.00067143043 0.05379447 0.2610219 8.893118e-06 8.893118e-06 0.001351754 0.0012450365 
6.0966315e-05 0.0033226642 0.0018899558 6.0966315e-05 6.0966315e-05 0.002103338 0.013534523 9.1449474e-05 0.024295077 6.0966315e-05 0.0012498095 6.0966315e-05 6.0966315e-05 0.0016460905 0.0003657979 0.00015241579 0.0014327085 6.0966315e-05 0.007376924 0.00115836 0.070324644 0.4521567 0.0035360462 0.00030483157 9.1449474e-05 0.00018289895 9.1449474e-05 0.034598384 6.0966315e-05 0.00012193263 6.0966315e-05 0.0035665296 0.0014631916 9.1449474e-05 0.018106995 6.0966315e-05 0.031214753 0.010973937 0.1120256 0.00027434842 0.0011888432 0.19954275 6.0966315e-05 6.0966315e-05 0.00033531475 0.00045724737 
0.000112095055 0.0104995705 0.003773867 0.0010835856 7.473004e-05 0.009004969 0.018159399 7.473004e-05 0.025109293 7.473004e-05 0.016365878 7.473004e-05 7.473004e-05 0.0012704106 0.020588126 7.473004e-05 0.0050442778 7.473004e-05 0.030340396 0.0025408212 0.3748085 0.003773867 0.0604566 0.0044090725 0.00029892015 0.020774951 7.473004e-05 0.02084968 7.473004e-05 0.0004110152 7.473004e-05 0.009191794 0.008444495 0.00029892015 0.056196988 7.473004e-05 0.07073198 0.0005604753 0.105070435 0.00029892015 0.019766094 0.09793372 7.473004e-05 7.473004e-05 0.0004110152 0.00044838022 
0.00057454756 0.005170928 0.0031600115 0.0028727378 0.00057454756 0.047400173 0.020396437 0.00057454756 0.01982189 0.00057454756 0.008618213 0.00057454756 0.00057454756 0.0014363689 0.027003735 0.00057454756 0.002585464 0.00057454756 0.013501868 0.0031600115 0.27204826 0.002585464 0.22292444 0.010341856 0.00057454756 0.00057454756 0.00057454756 0.041367423 0.00057454756 0.00057454756 0.00057454756 0.007469118 0.0011490951 0.00057454756 0.0140764145 0.00057454756 0.03792014 0.0008618213 0.10945131 0.00057454756 0.021545533 0.09106579 0.00057454756 0.00057454756 0.00057454756 0.00057454756 
0.0037313432 0.016791046 0.005597015 0.0037313432 0.0037313432 0.013059702 0.009328358 0.0037313432 0.016791046 0.0037313432 0.01119403 0.0037313432 0.0037313432 0.005597015 0.0037313432 0.03731343 0.0037313432 0.0037313432 0.02238806 0.0074626864 0.31343284 0.005597015 0.0037313432 0.0037313432 0.0037313432 0.0074626864 0.0037313432 0.014925373 0.0037313432 0.014925373 0.0037313432 0.005597015 0.005597015 0.0037313432 0.0037313432 0.0037313432 0.050373133 0.0037313432 0.039179105 0.0037313432 0.029850746 0.27425373 0.0037313432 0.0037313432 0.0037313432 0.0037313432 
0.0005521811 0.009387079 0.0019326339 0.0008282717 0.0005521811 0.009110988 0.010491441 0.0005521811 0.00993926 0.0005521811 0.0071783545 0.0005521811 0.0008282717 0.0016565433 0.008282716 0.0016565433 0.0030369961 0.0005521811 0.013252347 0.0019326339 0.49641082 0.0013804528 0.008006626 0.0027609055 0.004141358 0.0060739922 0.0005521811 0.0071783545 0.0005521811 0.0011043622 0.0005521811 0.004141358 0.0022087244 0.0005521811 0.002484815 0.0005521811 0.036443952 0.0013804528 0.041689675 0.0008282717 0.0204307 0.2749862 0.0005521811 0.0005521811 0.0005521811 0.0011043622 
0.012738854 0.025477707 0.012738854 0.012738854 0.012738854 0.012738854 0.012738854 0.012738854 0.01910828 0.01910828 0.012738854 0.012738854 0.012738854 0.012738854 0.012738854 0.012738854 0.012738854 0.012738854 0.031847134 0.012738854 0.05732484 0.012738854 0.012738854 0.012738854 0.012738854 0.012738854 0.025477707 0.012738854 0.012738854 0.012738854 0.012738854 0.012738854 0.012738854 0.012738854 0.012738854 0.012738854 0.12101911 0.012738854 0.0955414 0.012738854 0.01910828 0.12738854 0.012738854 0.012738854 0.012738854 0.012738854 
0.000104594306 0.032947205 0.004523704 0.0010720916 5.2297153e-05 0.014015636 0.00028763435 7.844573e-05 0.016944278 5.2297153e-05 0.010119499 5.2297153e-05 7.844573e-05 0.0037915437 0.025834793 5.2297153e-05 0.007478493 7.844573e-05 0.051695734 0.002902492 0.2938577 0.020788118 0.10822896 0.018513191 0.0007844573 0.005386607 0.00013074288 0.011714562 5.2297153e-05 0.000679863 0.00013074288 0.105012685 0.019140758 0.0010720916 0.06900609 5.2297153e-05 0.0007583087 0.00083675445 0.13079518 0.00031378292 0.022095546 0.017022723 5.2297153e-05 5.2297153e-05 5.2297153e-05 0.0013074288 
0.02173913 0.02173913 0.02173913 0.02173913 0.02173913 0.02173913 0.02173913 0.02173913 0.02173913 0.02173913 0.02173913 0.02173913 0.02173913 0.02173913 0.02173913 0.02173913 0.02173913 0.02173913 0.02173913 0.02173913 0.02173913 0.02173913 0.02173913 0.02173913 0.02173913 0.02173913 0.02173913 0.02173913 0.02173913 0.02173913 0.02173913 0.02173913 0.02173913 0.02173913 0.02173913 0.02173913 0.02173913 0.02173913 0.02173913 0.02173913 0.02173913 0.02173913 0.02173913 0.02173913 0.02173913 0.02173913 
0.00034641032 0.05334719 0.002078462 0.0026413787 0.00012990387 0.015848272 0.00536936 8.660258e-05 0.024768338 8.660258e-05 0.049839783 8.660258e-05 0.00017320516 0.004460033 0.011561445 8.660258e-05 0.0059322766 8.660258e-05 0.029098468 0.0032908982 0.32644844 0.0022083658 0.008920066 0.00060621806 0.0006495194 0.0030743915 8.660258e-05 0.014549234 8.660258e-05 0.0007794232 8.660258e-05 0.0056724693 0.0024248722 0.0003897116 0.0045466353 8.660258e-05 0.04862735 0.00073612196 0.08993678 0.00030310903 0.03191305 0.24361306 8.660258e-05 8.660258e-05 0.002078462 0.00268468 
0.019607844 0.019607844 0.019607844 0.019607844 0.019607844 0.019607844 0.019607844 0.019607844 0.039215688 0.019607844 0.019607844 0.019607844 0.019607844 0.019607844 0.019607844 0.029411765 0.019607844 0.019607844 0.019607844 0.039215688 0.019607844 0.019607844 0.019607844 0.019607844 0.019607844 0.019607844 0.019607844 0.019607844 0.019607844 0.019607844 0.029411765 0.019607844 0.019607844 0.019607844 0.019607844 0.019607844 0.029411765 0.019607844 0.019607844 0.019607844 0.019607844 0.04901961 0.019607844 0.019607844 0.019607844 0.019607844 
0.00045162748 0.029291267 0.006000194 0.0014516597 6.451821e-05 0.0053872704 0.009806768 0.00012903642 0.09739024 6.451821e-05 0.0054195295 6.451821e-05 0.00016129552 0.007097003 0.00396787 6.451821e-05 0.00612923 6.451821e-05 0.059969675 0.016516661 0.20703894 0.00070970034 0.021871673 0.00012903642 0.00012903642 0.00087099586 0.00012903642 0.051291976 6.451821e-05 0.03125907 6.451821e-05 0.015968258 0.004225943 0.00016129552 0.007709926 6.451821e-05 0.07393787 0.00093551405 0.2512339 0.0005484048 0.024000775 0.05406626 6.451821e-05 6.451821e-05 0.0019355463 0.0020323235 
0.0005349024 0.019791389 0.002941963 0.0018721584 0.0005349024 0.0074886335 0.008825889 0.00080235355 0.054560043 0.00080235355 0.006151377 0.0005349024 0.0005349024 0.006151377 0.0053490237 0.0005349024 0.0074886335 0.0005349024 0.039850228 0.004011768 0.27627707 0.00080235355 0.0064188284 0.0005349024 0.00080235355 0.0021396095 0.0013372559 0.009628243 0.0005349024 0.0016047071 0.0005349024 0.0090933405 0.0048141214 0.0010698048 0.0016047071 0.0005349024 0.115271464 0.0010698048 0.19202995 0.0013372559 0.035036106 0.16073817 0.0005349024 0.0005349024 0.0021396095 0.004279219 
0.0035460992 0.0070921984 0.0070921984 0.0035460992 0.0035460992 0.0035460992 0.0070921984 0.0035460992 0.07978723 0.0035460992 0.012411348 0.0035460992 0.0035460992 0.005319149 0.005319149 0.0035460992 0.012411348 0.0035460992 0.015957447 0.012411348 0.04964539 0.0070921984 0.0070921984 0.0035460992 0.0035460992 0.005319149 0.0035460992 0.076241136 0.0035460992 0.005319149 0.0035460992 0.019503547 0.0035460992 0.06382979 0.026595745 0.0035460992 0.05141844 0.015957447 0.17198582 0.0035460992 0.008865248 0.24468085 0.0035460992 0.0035460992 0.005319149 0.005319149 
0.00025304925 0.009464041 0.0048079356 0.0003036591 0.000101219695 0.001670125 0.0051622046 0.000101219695 0.04782631 0.000101219695 0.04600435 0.000101219695 0.000101219695 0.0014170757 0.005010375 0.000101219695 0.0024798827 0.000101219695 0.022926262 0.011994534 0.14135331 0.003643909 0.016448202 0.00091097725 0.00035426894 0.0013664659 0.000101219695 0.06812086 0.000101219695 0.00045548863 0.000101219695 0.014575636 0.001973784 0.0062756212 0.22162053 0.000101219695 0.052634243 0.0007085379 0.13431855 0.00025304925 0.010729288 0.16240701 0.000101219695 0.000101219695 0.0005567083 0.00065792806 
0.02173913 0.02173913 0.02173913 0.02173913 0.02173913 0.02173913 0.02173913 0.02173913 0.02173913 0.02173913 0.02173913 0.02173913 0.02173913 0.02173913 0.02173913 0.02173913 0.02173913 0.02173913 0.02173913 0.02173913 0.02173913 0.02173913 0.02173913 0.02173913 0.02173913 0.02173913 0.02173913 0.02173913 0.02173913 0.02173913 0.02173913 0.02173913 0.02173913 0.02173913 0.02173913 0.02173913 0.02173913 0.02173913 0.02173913 0.02173913 0.02173913 0.02173913 0.02173913 0.02173913 0.02173913 0.02173913 
0.00034974818 0.07074706 0.0011891439 0.011149972 2.7979855e-05 0.018956352 0.0009373251 8.3939565e-05 0.018270845 2.7979855e-05 0.0030498041 2.7979855e-05 9.792949e-05 0.0054840515 0.008631785 2.7979855e-05 0.006561276 2.7979855e-05 0.07437045 0.0066592055 0.42935085 0.009681029 0.024482373 0.0020145494 0.00079742586 0.0039171795 0.00013989928 0.008463906 2.7979855e-05 0.0015528819 2.7979855e-05 0.02143257 0.0044907667 0.0006295467 0.008268047 2.7979855e-05 0.0027420258 0.0006575266 0.07025742 0.0003077784 0.123181306 0.05731673 2.7979855e-05 4.1969783e-05 0.00043368773 0.0030498041 
0.005134056 0.038220193 0.0017113519 0.005134056 0.0011409014 0.0057045068 0.007986309 0.0011409014 0.015402168 0.0011409014 0.005134056 0.0011409014 0.0011409014 0.0068454077 0.019965773 0.0022818027 0.0022818027 0.0011409014 0.036508843 0.030233884 0.20250998 0.0068454077 0.03308614 0.0022818027 0.0011409014 0.0022818027 0.0017113519 0.037079293 0.0011409014 0.0017113519 0.0011409014 0.031374786 0.0022818027 0.0022818027 0.027952082 0.0011409014 0.030233884 0.0039931545 0.11523103 0.0011409014 0.012549914 0.28351396 0.0011409014 0.0011409014 0.0028522534 0.0028522534 
0.00039741342 0.03752718 0.0046383822 0.0040649716 1.7032004e-05 0.00943573 0.01139441 0.00011922402 0.026638053 1.13546685e-05 0.013279285 1.13546685e-05 8.516001e-05 0.0047859927 0.0101056555 6.8128014e-05 0.0057681715 2.2709337e-05 0.059793685 0.006165585 0.1866821 0.0070001534 0.027501008 0.002004099 0.0003463174 0.0021857738 4.5418674e-05 0.035931848 1.13546685e-05 0.0027875712 2.8386672e-05 0.038469616 0.004297742 0.0003008987 0.01003185 1.13546685e-05 0.130028 0.00094811484 0.16554539 0.00063018413 0.02585458 0.15976019 1.13546685e-05 1.13546685e-05 0.0043829023 0.0008629548 
0.0033500837 0.023450587 0.02680067 0.0033500837 0.0033500837 0.0033500837 0.0033500837 0.0033500837 0.050251257 0.0033500837 0.0050251256 0.0033500837 0.0033500837 0.0033500837 0.0033500837 0.0033500837 0.0067001674 0.0033500837 0.0033500837 0.0033500837 0.010050251 0.0033500837 0.0033500837 0.0033500837 0.0033500837 0.0033500837 0.0033500837 0.010050251 0.0033500837 0.0033500837 0.0033500837 0.0033500837 0.0033500837 0.0033500837 0.0033500837 0.0033500837 0.00837521 0.0050251256 0.7035176 0.0067001674 0.0067001674 0.02680067 0.0033500837 0.0033500837 0.0033500837 0.0033500837 
4.906049e-05 0.006696757 0.002600206 0.0013491635 4.906049e-05 0.0030417505 0.05114556 4.906049e-05 0.027154982 4.906049e-05 0.026173772 4.906049e-05 4.906049e-05 0.0015208753 0.0009812098 7.359074e-05 0.0017416475 4.906049e-05 0.00399843 0.0025756757 0.37244272 0.00024530245 0.00083402835 4.906049e-05 0.00012265122 0.00017171173 4.906049e-05 0.007481725 4.906049e-05 9.812098e-05 4.906049e-05 0.0021096012 0.001300103 9.812098e-05 0.0010548006 4.906049e-05 0.061472796 0.00022077221 0.06318992 0.00039248393 0.080066726 0.27785408 4.906049e-05 4.906049e-05 0.0006377864 0.00046607468 
0.00039056293 0.020104062 0.011187311 0.00064211193 1.9859133e-05 0.009439708 0.056936134 0.0001853519 0.072704285 0.00011915479 0.006454218 1.3239422e-05 6.6197106e-05 0.008268019 0.013378436 0.00028464757 0.009247736 2.6478843e-05 0.03776545 0.0020057724 0.16146137 0.05217656 0.050634168 0.007414076 0.0011849282 0.009797172 0.00011915479 0.07192316 1.3239422e-05 0.0010657734 2.6478843e-05 0.077404276 0.003687179 0.00056929514 0.029729122 1.3239422e-05 0.010333369 0.0013371815 0.18997908 0.00050971773 0.016542658 0.06300641 1.3239422e-05 1.3239422e-05 0.00029126726 0.0015159138 
0.02173913 0.02173913 0.02173913 0.02173913 0.02173913 0.02173913 0.02173913 0.02173913 0.02173913 0.02173913 0.02173913 0.02173913 0.02173913 0.02173913 0.02173913 0.02173913 0.02173913 0.02173913 0.02173913 0.02173913 0.02173913 0.02173913 0.02173913 0.02173913 0.02173913 0.02173913 0.02173913 0.02173913 0.02173913 0.02173913 0.02173913 0.02173913 0.02173913 0.02173913 0.02173913 0.02173913 0.02173913 0.02173913 0.02173913 0.02173913 0.02173913 0.02173913 0.02173913 0.02173913 0.02173913 0.02173913 
0.021505376 0.021505376 0.021505376 0.021505376 0.021505376 0.021505376 0.021505376 0.021505376 0.021505376 0.021505376 0.021505376 0.021505376 0.021505376 0.021505376 0.021505376 0.021505376 0.021505376 0.021505376 0.021505376 0.021505376 0.021505376 0.021505376 0.021505376 0.021505376 0.021505376 0.021505376 0.021505376 0.021505376 0.021505376 0.021505376 0.021505376 0.021505376 0.021505376 0.021505376 0.021505376 0.021505376 0.021505376 0.021505376 0.021505376 0.021505376 0.021505376 0.032258064 0.021505376 0.021505376 0.021505376 0.021505376 
0.0010840108 0.0010840108 0.0010840108 0.0010840108 0.0010840108 0.0010840108 0.0010840108 0.0010840108 0.0021680216 0.0010840108 0.0016260162 0.0010840108 0.0010840108 0.0010840108 0.0010840108 0.0010840108 0.0010840108 0.0010840108 0.0010840108 0.0010840108 0.0027100272 0.0010840108 0.0010840108 0.0010840108 0.0010840108 0.0010840108 0.0010840108 0.0010840108 0.0010840108 0.0016260162 0.0010840108 0.0016260162 0.0010840108 0.0016260162 0.0010840108 0.0010840108 0.0010840108 0.0016260162 0.0032520324 0.0010840108 0.0010840108 0.9360434 0.0010840108 0.0010840108 0.0086720865 0.0010840108 
0.0021231424 0.032554846 0.0014154281 0.0028308562 0.0014154281 0.0028308562 0.013446568 0.0014154281 0.014861995 0.0014154281 0.0042462847 0.0014154281 0.0014154281 0.006369427 0.0014154281 0.0014154281 0.0035385704 0.0014154281 0.033262562 0.0028308562 0.20806794 0.0021231424 0.0028308562 0.0014154281 0.0014154281 0.0014154281 0.0014154281 0.01203114 0.0014154281 0.0014154281 0.0014154281 0.0021231424 0.0035385704 0.0021231424 0.0028308562 0.0014154281 0.27317762 0.0042462847 0.13800424 0.0014154281 0.0049539986 0.1854211 0.0014154281 0.0014154281 0.0035385704 0.007784855 
